29522 
29522 
29522 
29522 
29522 
29522 
29522 
29522 
29522 
29522 
29522 
29522 
29522 
29522 
29522 
29522 
29733 
29733 
29733 
29733 
29733 
29733 
29733 
29733 
29733 
29733 
29733 
29733 
29733 
29733 
29733 
29733 
27695 
27695 
27695 
27695 
27695 
27695 
27695 
27695 
27695 
27695 
27695 
27695 
27695 
27695 
27695 
27695 
23693 
23693 
23693 
23693 
23693 
23693 
23693 
23693 
23693 
23693 
23693 
23693 
23693 
23693 
23693 
23693 
7859 
7859 
7859 
7859 
7859 
7859 
7859 
7859 
7859 
7859 
7859 
7859 
7859 
7859 
7859 
7859 
16956 
16956 
16956 
16956 
16956 
16956 
16956 
16956 
16956 
16956 
16956 
16956 
16956 
16956 
16956 
16956 
12851 
12851 
12851 
12851 
12851 
12851 
12851 
12851 
12851 
12851 
12851 
12851 
12851 
12851 
12851 
12851 
9673 
9673 
9673 
9673 
9673 
9673 
9673 
9673 
9673 
9673 
9673 
9673 
9673 
9673 
9673 
9673 
16271 
16271 
16271 
16271 
16271 
16271 
16271 
16271 
16271 
16271 
16271 
16271 
16271 
16271 
16271 
16271 
6061 
6061 
6061 
6061 
6061 
6061 
6061 
6061 
6061 
6061 
6061 
6061 
6061 
6061 
6061 
6061 
4276 
4276 
4276 
4276 
4276 
4276 
4276 
4276 
4276 
4276 
4276 
4276 
4276 
4276 
4276 
4276 
5102 
5102 
5102 
5102 
5102 
5102 
5102 
5102 
5102 
5102 
5102 
5102 
5102 
5102 
5102 
5102 
31077 
31077 
31077 
31077 
31077 
31077 
31077 
31077 
31077 
31077 
31077 
31077 
31077 
31077 
31077 
31077 
16635 
16635 
16635 
16635 
16635 
16635 
16635 
16635 
16635 
16635 
16635 
16635 
16635 
16635 
16635 
16635 
11580 
11580 
11580 
11580 
11580 
11580 
11580 
11580 
11580 
11580 
11580 
11580 
11580 
11580 
11580 
11580 
5591 
5591 
5591 
5591 
5591 
5591 
5591 
5591 
5591 
5591 
5591 
5591 
5591 
5591 
5591 
5591 
14059 
14059 
14059 
14059 
14059 
14059 
14059 
14059 
14059 
14059 
14059 
14059 
14059 
14059 
14059 
14059 
11130 
11130 
11130 
11130 
11130 
11130 
11130 
11130 
11130 
11130 
11130 
11130 
11130 
11130 
11130 
11130 
29896 
29896 
29896 
29896 
29896 
29896 
29896 
29896 
29896 
29896 
29896 
29896 
29896 
29896 
29896 
29896 
15733 
15733 
15733 
15733 
15733 
15733 
15733 
15733 
15733 
15733 
15733 
15733 
15733 
15733 
15733 
15733 
16009 
16009 
16009 
16009 
16009 
16009 
16009 
16009 
16009 
16009 
16009 
16009 
16009 
16009 
16009 
16009 
7636 
7636 
7636 
7636 
7636 
7636 
7636 
7636 
7636 
7636 
7636 
7636 
7636 
7636 
7636 
7636 
6219 
6219 
6219 
6219 
6219 
6219 
6219 
6219 
6219 
6219 
6219 
6219 
6219 
6219 
6219 
6219 
8264 
8264 
8264 
8264 
8264 
8264 
8264 
8264 
8264 
8264 
8264 
8264 
8264 
8264 
8264 
8264 
5850 
5850 
5850 
5850 
5850 
5850 
5850 
5850 
5850 
5850 
5850 
5850 
5850 
5850 
5850 
5850 
16518 
16518 
16518 
16518 
16518 
16518 
16518 
16518 
16518 
16518 
16518 
16518 
16518 
16518 
16518 
16518 
22828 
22828 
22828 
22828 
22828 
22828 
22828 
22828 
22828 
22828 
22828 
22828 
22828 
22828 
22828 
22828 
2026 
2026 
2026 
2026 
2026 
2026 
2026 
2026 
2026 
2026 
2026 
2026 
2026 
2026 
2026 
2026 
15150 
15150 
15150 
15150 
15150 
15150 
15150 
15150 
15150 
15150 
15150 
15150 
15150 
15150 
15150 
15150 
30304 
30304 
30304 
30304 
30304 
30304 
30304 
30304 
30304 
30304 
30304 
30304 
30304 
30304 
30304 
30304 
9668 
9668 
9668 
9668 
9668 
9668 
9668 
9668 
9668 
9668 
9668 
9668 
9668 
9668 
9668 
9668 
29316 
29316 
29316 
29316 
29316 
29316 
29316 
29316 
29316 
29316 
29316 
29316 
29316 
29316 
29316 
29316 
8202 
8202 
8202 
8202 
8202 
8202 
8202 
8202 
8202 
8202 
8202 
8202 
8202 
8202 
8202 
8202 
1288 
1288 
1288 
1288 
1288 
1288 
1288 
1288 
1288 
1288 
1288 
1288 
1288 
1288 
1288 
1288 
1505 
1505 
1505 
1505 
1505 
1505 
1505 
1505 
1505 
1505 
1505 
1505 
1505 
1505 
1505 
1505 
25430 
25430 
25430 
25430 
25430 
25430 
25430 
25430 
25430 
25430 
25430 
25430 
25430 
25430 
25430 
25430 
1959 
1959 
1959 
1959 
1959 
1959 
1959 
1959 
1959 
1959 
1959 
1959 
1959 
1959 
1959 
1959 
3447 
3447 
3447 
3447 
3447 
3447 
3447 
3447 
3447 
3447 
3447 
3447 
3447 
3447 
3447 
3447 
22341 
22341 
22341 
22341 
22341 
22341 
22341 
22341 
22341 
22341 
22341 
22341 
22341 
22341 
22341 
22341 
820 
820 
820 
820 
820 
820 
820 
820 
820 
820 
820 
820 
820 
820 
820 
820 
9839 
9839 
9839 
9839 
9839 
9839 
9839 
9839 
9839 
9839 
9839 
9839 
9839 
9839 
9839 
9839 
21627 
21627 
21627 
21627 
21627 
21627 
21627 
21627 
21627 
21627 
21627 
21627 
21627 
21627 
21627 
21627 
23079 
23079 
23079 
23079 
23079 
23079 
23079 
23079 
23079 
23079 
23079 
23079 
23079 
23079 
23079 
23079 
4356 
4356 
4356 
4356 
4356 
4356 
4356 
4356 
4356 
4356 
4356 
4356 
4356 
4356 
4356 
4356 
6019 
6019 
6019 
6019 
6019 
6019 
6019 
6019 
6019 
6019 
6019 
6019 
6019 
6019 
6019 
6019 
23347 
23347 
23347 
23347 
23347 
23347 
23347 
23347 
23347 
23347 
23347 
23347 
23347 
23347 
23347 
23347 
3505 
3505 
3505 
3505 
3505 
3505 
3505 
3505 
3505 
3505 
3505 
3505 
3505 
3505 
3505 
3505 
8769 
8769 
8769 
8769 
8769 
8769 
8769 
8769 
8769 
8769 
8769 
8769 
8769 
8769 
8769 
8769 
8504 
8504 
8504 
8504 
8504 
8504 
8504 
8504 
8504 
8504 
8504 
8504 
8504 
8504 
8504 
8504 
18327 
18327 
18327 
18327 
18327 
18327 
18327 
18327 
18327 
18327 
18327 
18327 
18327 
18327 
18327 
18327 
23680 
23680 
23680 
23680 
23680 
23680 
23680 
23680 
23680 
23680 
23680 
23680 
23680 
23680 
23680 
23680 
13178 
13178 
13178 
13178 
13178 
13178 
13178 
13178 
13178 
13178 
13178 
13178 
13178 
13178 
13178 
13178 
18837 
18837 
18837 
18837 
18837 
18837 
18837 
18837 
18837 
18837 
18837 
18837 
18837 
18837 
18837 
18837 
7405 
7405 
7405 
7405 
7405 
7405 
7405 
7405 
7405 
7405 
7405 
7405 
7405 
7405 
7405 
7405 
6440 
6440 
6440 
6440 
6440 
6440 
6440 
6440 
6440 
6440 
6440 
6440 
6440 
6440 
6440 
6440 
2259 
2259 
2259 
2259 
2259 
2259 
2259 
2259 
2259 
2259 
2259 
2259 
2259 
2259 
2259 
2259 
15063 
15063 
15063 
15063 
15063 
15063 
15063 
15063 
15063 
15063 
15063 
15063 
15063 
15063 
15063 
15063 
17493 
17493 
17493 
17493 
17493 
17493 
17493 
17493 
17493 
17493 
17493 
17493 
17493 
17493 
17493 
17493 
19118 
19118 
19118 
19118 
19118 
19118 
19118 
19118 
19118 
19118 
19118 
19118 
19118 
19118 
19118 
19118 
24195 
24195 
24195 
24195 
24195 
24195 
24195 
24195 
24195 
24195 
24195 
24195 
24195 
24195 
24195 
24195 
30701 
30701 
30701 
30701 
30701 
30701 
30701 
30701 
30701 
30701 
30701 
30701 
30701 
30701 
30701 
30701 
25918 
25918 
25918 
25918 
25918 
25918 
25918 
25918 
25918 
25918 
25918 
25918 
25918 
25918 
25918 
25918 
18699 
18699 
18699 
18699 
18699 
18699 
18699 
18699 
18699 
18699 
18699 
18699 
18699 
18699 
18699 
18699 
26965 
26965 
26965 
26965 
26965 
26965 
26965 
26965 
26965 
26965 
26965 
26965 
26965 
26965 
26965 
26965 
24828 
24828 
24828 
24828 
24828 
24828 
24828 
24828 
24828 
24828 
24828 
24828 
24828 
24828 
24828 
24828 
3566 
3566 
3566 
3566 
3566 
3566 
3566 
3566 
3566 
3566 
3566 
3566 
3566 
3566 
3566 
3566 
10672 
10672 
10672 
10672 
10672 
10672 
10672 
10672 
10672 
10672 
10672 
10672 
10672 
10672 
10672 
10672 
10024 
10024 
10024 
10024 
10024 
10024 
10024 
10024 
10024 
10024 
10024 
10024 
10024 
10024 
10024 
10024 
2012 
2012 
2012 
2012 
2012 
2012 
2012 
2012 
2012 
2012 
2012 
2012 
2012 
2012 
2012 
2012 
11262 
11262 
11262 
11262 
11262 
11262 
11262 
11262 
11262 
11262 
11262 
11262 
11262 
11262 
11262 
11262 
31740 
31740 
31740 
31740 
31740 
31740 
31740 
31740 
31740 
31740 
31740 
31740 
31740 
31740 
31740 
31740 
32623 
32623 
32623 
32623 
32623 
32623 
32623 
32623 
32623 
32623 
32623 
32623 
32623 
32623 
32623 
32623 
21657 
21657 
21657 
21657 
21657 
21657 
21657 
21657 
21657 
21657 
21657 
21657 
21657 
21657 
21657 
21657 
21723 
21723 
21723 
21723 
21723 
21723 
21723 
21723 
21723 
21723 
21723 
21723 
21723 
21723 
21723 
21723 
21959 
21959 
21959 
21959 
21959 
21959 
21959 
21959 
21959 
21959 
21959 
21959 
21959 
21959 
21959 
21959 
13233 
13233 
13233 
13233 
13233 
13233 
13233 
13233 
13233 
13233 
13233 
13233 
13233 
13233 
13233 
13233 
31219 
31219 
31219 
31219 
31219 
31219 
31219 
31219 
31219 
31219 
31219 
31219 
31219 
31219 
31219 
31219 
24135 
24135 
24135 
24135 
24135 
24135 
24135 
24135 
24135 
24135 
24135 
24135 
24135 
24135 
24135 
24135 
12251 
12251 
12251 
12251 
12251 
12251 
12251 
12251 
12251 
12251 
12251 
12251 
12251 
12251 
12251 
12251 
8201 
8201 
8201 
8201 
8201 
8201 
8201 
8201 
8201 
8201 
8201 
8201 
8201 
8201 
8201 
8201 
14814 
14814 
14814 
14814 
14814 
14814 
14814 
14814 
14814 
14814 
14814 
14814 
14814 
14814 
14814 
14814 
18134 
18134 
18134 
18134 
18134 
18134 
18134 
18134 
18134 
18134 
18134 
18134 
18134 
18134 
18134 
18134 
4726 
4726 
4726 
4726 
4726 
4726 
4726 
4726 
4726 
4726 
4726 
4726 
4726 
4726 
4726 
4726 
19367 
19367 
19367 
19367 
19367 
19367 
19367 
19367 
19367 
19367 
19367 
19367 
19367 
19367 
19367 
19367 
31235 
31235 
31235 
31235 
31235 
31235 
31235 
31235 
31235 
31235 
31235 
31235 
31235 
31235 
31235 
31235 
28274 
28274 
28274 
28274 
28274 
28274 
28274 
28274 
28274 
28274 
28274 
28274 
28274 
28274 
28274 
28274 
4554 
4554 
4554 
4554 
4554 
4554 
4554 
4554 
4554 
4554 
4554 
4554 
4554 
4554 
4554 
4554 
18766 
18766 
18766 
18766 
18766 
18766 
18766 
18766 
18766 
18766 
18766 
18766 
18766 
18766 
18766 
18766 
10301 
10301 
10301 
10301 
10301 
10301 
10301 
10301 
10301 
10301 
10301 
10301 
10301 
10301 
10301 
10301 
7895 
7895 
7895 
7895 
7895 
7895 
7895 
7895 
7895 
7895 
7895 
7895 
7895 
7895 
7895 
7895 
6781 
6781 
6781 
6781 
6781 
6781 
6781 
6781 
6781 
6781 
6781 
6781 
6781 
6781 
6781 
6781 
26580 
26580 
26580 
26580 
26580 
26580 
26580 
26580 
26580 
26580 
26580 
26580 
26580 
26580 
26580 
26580 
28445 
28445 
28445 
28445 
28445 
28445 
28445 
28445 
28445 
28445 
28445 
28445 
28445 
28445 
28445 
28445 
25623 
25623 
25623 
25623 
25623 
25623 
25623 
25623 
25623 
25623 
25623 
25623 
25623 
25623 
25623 
25623 
3625 
3625 
3625 
3625 
3625 
3625 
3625 
3625 
3625 
3625 
3625 
3625 
3625 
3625 
3625 
3625 
12965 
12965 
12965 
12965 
12965 
12965 
12965 
12965 
12965 
12965 
12965 
12965 
12965 
12965 
12965 
12965 
14950 
14950 
14950 
14950 
14950 
14950 
14950 
14950 
14950 
14950 
14950 
14950 
14950 
14950 
14950 
14950 
13591 
13591 
13591 
13591 
13591 
13591 
13591 
13591 
13591 
13591 
13591 
13591 
13591 
13591 
13591 
13591 
12252 
12252 
12252 
12252 
12252 
12252 
12252 
12252 
12252 
12252 
12252 
12252 
12252 
12252 
12252 
12252 
16960 
16960 
16960 
16960 
16960 
16960 
16960 
16960 
16960 
16960 
16960 
16960 
16960 
16960 
16960 
16960 
2962 
2962 
2962 
2962 
2962 
2962 
2962 
2962 
2962 
2962 
2962 
2962 
2962 
2962 
2962 
2962 
27664 
27664 
27664 
27664 
27664 
27664 
27664 
27664 
27664 
27664 
27664 
27664 
27664 
27664 
27664 
27664 
24729 
24729 
24729 
24729 
24729 
24729 
24729 
24729 
24729 
24729 
24729 
24729 
24729 
24729 
24729 
24729 
23736 
23736 
23736 
23736 
23736 
23736 
23736 
23736 
23736 
23736 
23736 
23736 
23736 
23736 
23736 
23736 
7755 
7755 
7755 
7755 
7755 
7755 
7755 
7755 
7755 
7755 
7755 
7755 
7755 
7755 
7755 
7755 
3855 
3855 
3855 
3855 
3855 
3855 
3855 
3855 
3855 
3855 
3855 
3855 
3855 
3855 
3855 
3855 
11221 
11221 
11221 
11221 
11221 
11221 
11221 
11221 
11221 
11221 
11221 
11221 
11221 
11221 
11221 
11221 
26165 
26165 
26165 
26165 
26165 
26165 
26165 
26165 
26165 
26165 
26165 
26165 
26165 
26165 
26165 
26165 
23795 
23795 
23795 
23795 
23795 
23795 
23795 
23795 
23795 
23795 
23795 
23795 
23795 
23795 
23795 
23795 
26742 
26742 
26742 
26742 
26742 
26742 
26742 
26742 
26742 
26742 
26742 
26742 
26742 
26742 
26742 
26742 
9211 
9211 
9211 
9211 
9211 
9211 
9211 
9211 
9211 
9211 
9211 
9211 
9211 
9211 
9211 
9211 
8561 
8561 
8561 
8561 
8561 
8561 
8561 
8561 
8561 
8561 
8561 
8561 
8561 
8561 
8561 
8561 
9501 
9501 
9501 
9501 
9501 
9501 
9501 
9501 
9501 
9501 
9501 
9501 
9501 
9501 
9501 
9501 
28537 
28537 
28537 
28537 
28537 
28537 
28537 
28537 
28537 
28537 
28537 
28537 
28537 
28537 
28537 
28537 
3817 
3817 
3817 
3817 
3817 
3817 
3817 
3817 
3817 
3817 
3817 
3817 
3817 
3817 
3817 
3817 
16443 
16443 
16443 
16443 
16443 
16443 
16443 
16443 
16443 
16443 
16443 
16443 
16443 
16443 
16443 
16443 
23569 
23569 
23569 
23569 
23569 
23569 
23569 
23569 
23569 
23569 
23569 
23569 
23569 
23569 
23569 
23569 
161 
161 
161 
161 
161 
161 
161 
161 
161 
161 
161 
161 
161 
161 
161 
161 
25201 
25201 
25201 
25201 
25201 
25201 
25201 
25201 
25201 
25201 
25201 
25201 
25201 
25201 
25201 
25201 
17399 
17399 
17399 
17399 
17399 
17399 
17399 
17399 
17399 
17399 
17399 
17399 
17399 
17399 
17399 
17399 
21324 
21324 
21324 
21324 
21324 
21324 
21324 
21324 
21324 
21324 
21324 
21324 
21324 
21324 
21324 
21324 
26189 
26189 
26189 
26189 
26189 
26189 
26189 
26189 
26189 
26189 
26189 
26189 
26189 
26189 
26189 
26189 
4313 
4313 
4313 
4313 
4313 
4313 
4313 
4313 
4313 
4313 
4313 
4313 
4313 
4313 
4313 
4313 
11804 
11804 
11804 
11804 
11804 
11804 
11804 
11804 
11804 
11804 
11804 
11804 
11804 
11804 
11804 
11804 
31998 
31998 
31998 
31998 
31998 
31998 
31998 
31998 
31998 
31998 
31998 
31998 
31998 
31998 
31998 
31998 
12588 
12588 
12588 
12588 
12588 
12588 
12588 
12588 
12588 
12588 
12588 
12588 
12588 
12588 
12588 
12588 
9563 
9563 
9563 
9563 
9563 
9563 
9563 
9563 
9563 
9563 
9563 
9563 
9563 
9563 
9563 
9563 
180 
180 
180 
180 
180 
180 
180 
180 
180 
180 
180 
180 
180 
180 
180 
180 
28810 
28810 
28810 
28810 
28810 
28810 
28810 
28810 
28810 
28810 
28810 
28810 
28810 
28810 
28810 
28810 
24772 
24772 
24772 
24772 
24772 
24772 
24772 
24772 
24772 
24772 
24772 
24772 
24772 
24772 
24772 
24772 
12453 
12453 
12453 
12453 
12453 
12453 
12453 
12453 
12453 
12453 
12453 
12453 
12453 
12453 
12453 
12453 
3808 
3808 
3808 
3808 
3808 
3808 
3808 
3808 
3808 
3808 
3808 
3808 
3808 
3808 
3808 
3808 
16137 
16137 
16137 
16137 
16137 
16137 
16137 
16137 
16137 
16137 
16137 
16137 
16137 
16137 
16137 
16137 
23533 
23533 
23533 
23533 
23533 
23533 
23533 
23533 
23533 
23533 
23533 
23533 
23533 
23533 
23533 
23533 
1370 
1370 
1370 
1370 
1370 
1370 
1370 
1370 
1370 
1370 
1370 
1370 
1370 
1370 
1370 
1370 
7506 
7506 
7506 
7506 
7506 
7506 
7506 
7506 
7506 
7506 
7506 
7506 
7506 
7506 
7506 
7506 
6088 
6088 
6088 
6088 
6088 
6088 
6088 
6088 
6088 
6088 
6088 
6088 
6088 
6088 
6088 
6088 
14679 
14679 
14679 
14679 
14679 
14679 
14679 
14679 
14679 
14679 
14679 
14679 
14679 
14679 
14679 
14679 
17552 
17552 
17552 
17552 
17552 
17552 
17552 
17552 
17552 
17552 
17552 
17552 
17552 
17552 
17552 
17552 
21200 
21200 
21200 
21200 
21200 
21200 
21200 
21200 
21200 
21200 
21200 
21200 
21200 
21200 
21200 
21200 
15557 
15557 
15557 
15557 
15557 
15557 
15557 
15557 
15557 
15557 
15557 
15557 
15557 
15557 
15557 
15557 
22528 
22528 
22528 
22528 
22528 
22528 
22528 
22528 
22528 
22528 
22528 
22528 
22528 
22528 
22528 
22528 
14928 
14928 
14928 
14928 
14928 
14928 
14928 
14928 
14928 
14928 
14928 
14928 
14928 
14928 
14928 
14928 
30904 
30904 
30904 
30904 
30904 
30904 
30904 
30904 
30904 
30904 
30904 
30904 
30904 
30904 
30904 
30904 
18230 
18230 
18230 
18230 
18230 
18230 
18230 
18230 
18230 
18230 
18230 
18230 
18230 
18230 
18230 
18230 
18367 
18367 
18367 
18367 
18367 
18367 
18367 
18367 
18367 
18367 
18367 
18367 
18367 
18367 
18367 
18367 
2585 
2585 
2585 
2585 
2585 
2585 
2585 
2585 
2585 
2585 
2585 
2585 
2585 
2585 
2585 
2585 
2934 
2934 
2934 
2934 
2934 
2934 
2934 
2934 
2934 
2934 
2934 
2934 
2934 
2934 
2934 
2934 
15362 
15362 
15362 
15362 
15362 
15362 
15362 
15362 
15362 
15362 
15362 
15362 
15362 
15362 
15362 
15362 
444 
444 
444 
444 
444 
444 
444 
444 
444 
444 
444 
444 
444 
444 
444 
444 
11101 
11101 
11101 
11101 
11101 
11101 
11101 
11101 
11101 
11101 
11101 
11101 
11101 
11101 
11101 
11101 
6928 
6928 
6928 
6928 
6928 
6928 
6928 
6928 
6928 
6928 
6928 
6928 
6928 
6928 
6928 
6928 
28741 
28741 
28741 
28741 
28741 
28741 
28741 
28741 
28741 
28741 
28741 
28741 
28741 
28741 
28741 
28741 
28917 
28917 
28917 
28917 
28917 
28917 
28917 
28917 
28917 
28917 
28917 
28917 
28917 
28917 
28917 
28917 
13826 
13826 
13826 
13826 
13826 
13826 
13826 
13826 
13826 
13826 
13826 
13826 
13826 
13826 
13826 
13826 
31643 
31643 
31643 
31643 
31643 
31643 
31643 
31643 
31643 
31643 
31643 
31643 
31643 
31643 
31643 
31643 
15824 
15824 
15824 
15824 
15824 
15824 
15824 
15824 
15824 
15824 
15824 
15824 
15824 
15824 
15824 
15824 
19131 
19131 
19131 
19131 
19131 
19131 
19131 
19131 
19131 
19131 
19131 
19131 
19131 
19131 
19131 
19131 
32482 
32482 
32482 
32482 
32482 
32482 
32482 
32482 
32482 
32482 
32482 
32482 
32482 
32482 
32482 
32482 
17859 
17859 
17859 
17859 
17859 
17859 
17859 
17859 
17859 
17859 
17859 
17859 
17859 
17859 
17859 
17859 
1959 
1959 
1959 
1959 
1959 
1959 
1959 
1959 
1959 
1959 
1959 
1959 
1959 
1959 
1959 
1959 
14131 
14131 
14131 
14131 
14131 
14131 
14131 
14131 
14131 
14131 
14131 
14131 
14131 
14131 
14131 
14131 
1100 
1100 
1100 
1100 
1100 
1100 
1100 
1100 
1100 
1100 
1100 
1100 
1100 
1100 
1100 
1100 
10055 
10055 
10055 
10055 
10055 
10055 
10055 
10055 
10055 
10055 
10055 
10055 
10055 
10055 
10055 
10055 
3714 
3714 
3714 
3714 
3714 
3714 
3714 
3714 
3714 
3714 
3714 
3714 
3714 
3714 
3714 
3714 
18902 
18902 
18902 
18902 
18902 
18902 
18902 
18902 
18902 
18902 
18902 
18902 
18902 
18902 
18902 
18902 
10881 
10881 
10881 
10881 
10881 
10881 
10881 
10881 
10881 
10881 
10881 
10881 
10881 
10881 
10881 
10881 
890 
890 
890 
890 
890 
890 
890 
890 
890 
890 
890 
890 
890 
890 
890 
890 
5453 
5453 
5453 
5453 
5453 
5453 
5453 
5453 
5453 
5453 
5453 
5453 
5453 
5453 
5453 
5453 
18929 
18929 
18929 
18929 
18929 
18929 
18929 
18929 
18929 
18929 
18929 
18929 
18929 
18929 
18929 
18929 
18488 
18488 
18488 
18488 
18488 
18488 
18488 
18488 
18488 
18488 
18488 
18488 
18488 
18488 
18488 
18488 
25539 
25539 
25539 
25539 
25539 
25539 
25539 
25539 
25539 
25539 
25539 
25539 
25539 
25539 
25539 
25539 
21928 
21928 
21928 
21928 
21928 
21928 
21928 
21928 
21928 
21928 
21928 
21928 
21928 
21928 
21928 
21928 
19237 
19237 
19237 
19237 
19237 
19237 
19237 
19237 
19237 
19237 
19237 
19237 
19237 
19237 
19237 
19237 
794 
794 
794 
794 
794 
794 
794 
794 
794 
794 
794 
794 
794 
794 
794 
794 
14366 
14366 
14366 
14366 
14366 
14366 
14366 
14366 
14366 
14366 
14366 
14366 
14366 
14366 
14366 
14366 
17511 
17511 
17511 
17511 
17511 
17511 
17511 
17511 
17511 
17511 
17511 
17511 
17511 
17511 
17511 
17511 
5608 
5608 
5608 
5608 
5608 
5608 
5608 
5608 
5608 
5608 
5608 
5608 
5608 
5608 
5608 
5608 
31814 
31814 
31814 
31814 
31814 
31814 
31814 
31814 
31814 
31814 
31814 
31814 
31814 
31814 
31814 
31814 
26521 
26521 
26521 
26521 
26521 
26521 
26521 
26521 
26521 
26521 
26521 
26521 
26521 
26521 
26521 
26521 
9747 
9747 
9747 
9747 
9747 
9747 
9747 
9747 
9747 
9747 
9747 
9747 
9747 
9747 
9747 
9747 
24579 
24579 
24579 
24579 
24579 
24579 
24579 
24579 
24579 
24579 
24579 
24579 
24579 
24579 
24579 
24579 
19663 
19663 
19663 
19663 
19663 
19663 
19663 
19663 
19663 
19663 
19663 
19663 
19663 
19663 
19663 
19663 
12504 
12504 
12504 
12504 
12504 
12504 
12504 
12504 
12504 
12504 
12504 
12504 
12504 
12504 
12504 
12504 
29543 
29543 
29543 
29543 
29543 
29543 
29543 
29543 
29543 
29543 
29543 
29543 
29543 
29543 
29543 
29543 
21778 
21778 
21778 
21778 
21778 
21778 
21778 
21778 
21778 
21778 
21778 
21778 
21778 
21778 
21778 
21778 
21049 
21049 
21049 
21049 
21049 
21049 
21049 
21049 
21049 
21049 
21049 
21049 
21049 
21049 
21049 
21049 
23185 
23185 
23185 
23185 
23185 
23185 
23185 
23185 
23185 
23185 
23185 
23185 
23185 
23185 
23185 
23185 
3540 
3540 
3540 
3540 
3540 
3540 
3540 
3540 
3540 
3540 
3540 
3540 
3540 
3540 
3540 
3540 
28422 
28422 
28422 
28422 
28422 
28422 
28422 
28422 
28422 
28422 
28422 
28422 
28422 
28422 
28422 
28422 
19199 
19199 
19199 
19199 
19199 
19199 
19199 
19199 
19199 
19199 
19199 
19199 
19199 
19199 
19199 
19199 
13329 
13329 
13329 
13329 
13329 
13329 
13329 
13329 
13329 
13329 
13329 
13329 
13329 
13329 
13329 
13329 
17406 
17406 
17406 
17406 
17406 
17406 
17406 
17406 
17406 
17406 
17406 
17406 
17406 
17406 
17406 
17406 
7846 
7846 
7846 
7846 
7846 
7846 
7846 
7846 
7846 
7846 
7846 
7846 
7846 
7846 
7846 
7846 
17168 
17168 
17168 
17168 
17168 
17168 
17168 
17168 
17168 
17168 
17168 
17168 
17168 
17168 
17168 
17168 
26037 
26037 
26037 
26037 
26037 
26037 
26037 
26037 
26037 
26037 
26037 
26037 
26037 
26037 
26037 
26037 
9788 
9788 
9788 
9788 
9788 
9788 
9788 
9788 
9788 
9788 
9788 
9788 
9788 
9788 
9788 
9788 
17418 
17418 
17418 
17418 
17418 
17418 
17418 
17418 
17418 
17418 
17418 
17418 
17418 
17418 
17418 
17418 
20557 
20557 
20557 
20557 
20557 
20557 
20557 
20557 
20557 
20557 
20557 
20557 
20557 
20557 
20557 
20557 
4466 
4466 
4466 
4466 
4466 
4466 
4466 
4466 
4466 
4466 
4466 
4466 
4466 
4466 
4466 
4466 
11036 
11036 
11036 
11036 
11036 
11036 
11036 
11036 
11036 
11036 
11036 
11036 
11036 
11036 
11036 
11036 
30495 
30495 
30495 
30495 
30495 
30495 
30495 
30495 
30495 
30495 
30495 
30495 
30495 
30495 
30495 
30495 
7949 
7949 
7949 
7949 
7949 
7949 
7949 
7949 
7949 
7949 
7949 
7949 
7949 
7949 
7949 
7949 
17229 
17229 
17229 
17229 
17229 
17229 
17229 
17229 
17229 
17229 
17229 
17229 
17229 
17229 
17229 
17229 
9180 
9180 
9180 
9180 
9180 
9180 
9180 
9180 
9180 
9180 
9180 
9180 
9180 
9180 
9180 
9180 
8230 
8230 
8230 
8230 
8230 
8230 
8230 
8230 
8230 
8230 
8230 
8230 
8230 
8230 
8230 
8230 
20122 
20122 
20122 
20122 
20122 
20122 
20122 
20122 
20122 
20122 
20122 
20122 
20122 
20122 
20122 
20122 
12771 
12771 
12771 
12771 
12771 
12771 
12771 
12771 
12771 
12771 
12771 
12771 
12771 
12771 
12771 
12771 
242 
242 
242 
242 
242 
242 
242 
242 
242 
242 
242 
242 
242 
242 
242 
242 
24629 
24629 
24629 
24629 
24629 
24629 
24629 
24629 
24629 
24629 
24629 
24629 
24629 
24629 
24629 
24629 
7601 
7601 
7601 
7601 
7601 
7601 
7601 
7601 
7601 
7601 
7601 
7601 
7601 
7601 
7601 
7601 
20195 
20195 
20195 
20195 
20195 
20195 
20195 
20195 
20195 
20195 
20195 
20195 
20195 
20195 
20195 
20195 
26246 
26246 
26246 
26246 
26246 
26246 
26246 
26246 
26246 
26246 
26246 
26246 
26246 
26246 
26246 
26246 
18868 
18868 
18868 
18868 
18868 
18868 
18868 
18868 
18868 
18868 
18868 
18868 
18868 
18868 
18868 
18868 
26373 
26373 
26373 
26373 
26373 
26373 
26373 
26373 
26373 
26373 
26373 
26373 
26373 
26373 
26373 
26373 
10127 
10127 
10127 
10127 
10127 
10127 
10127 
10127 
10127 
10127 
10127 
10127 
10127 
10127 
10127 
10127 
4338 
4338 
4338 
4338 
4338 
4338 
4338 
4338 
4338 
4338 
4338 
4338 
4338 
4338 
4338 
4338 
26849 
26849 
26849 
26849 
26849 
26849 
26849 
26849 
26849 
26849 
26849 
26849 
26849 
26849 
26849 
26849 
28093 
28093 
28093 
28093 
28093 
28093 
28093 
28093 
28093 
28093 
28093 
28093 
28093 
28093 
28093 
28093 
5439 
5439 
5439 
5439 
5439 
5439 
5439 
5439 
5439 
5439 
5439 
5439 
5439 
5439 
5439 
5439 
2377 
2377 
2377 
2377 
2377 
2377 
2377 
2377 
2377 
2377 
2377 
2377 
2377 
2377 
2377 
2377 
7245 
7245 
7245 
7245 
7245 
7245 
7245 
7245 
7245 
7245 
7245 
7245 
7245 
7245 
7245 
7245 
31217 
31217 
31217 
31217 
31217 
31217 
31217 
31217 
31217 
31217 
31217 
31217 
31217 
31217 
31217 
31217 
15838 
15838 
15838 
15838 
15838 
15838 
15838 
15838 
15838 
15838 
15838 
15838 
15838 
15838 
15838 
15838 
10701 
10701 
10701 
10701 
10701 
10701 
10701 
10701 
10701 
10701 
10701 
10701 
10701 
10701 
10701 
10701 
15708 
15708 
15708 
15708 
15708 
15708 
15708 
15708 
15708 
15708 
15708 
15708 
15708 
15708 
15708 
15708 
17713 
17713 
17713 
17713 
17713 
17713 
17713 
17713 
17713 
17713 
17713 
17713 
17713 
17713 
17713 
17713 
25707 
25707 
25707 
25707 
25707 
25707 
25707 
25707 
25707 
25707 
25707 
25707 
25707 
25707 
25707 
25707 
29303 
29303 
29303 
29303 
29303 
29303 
29303 
29303 
29303 
29303 
29303 
29303 
29303 
29303 
29303 
29303 
6345 
6345 
6345 
6345 
6345 
6345 
6345 
6345 
6345 
6345 
6345 
6345 
6345 
6345 
6345 
6345 
14079 
14079 
14079 
14079 
14079 
14079 
14079 
14079 
14079 
14079 
14079 
14079 
14079 
14079 
14079 
14079 
2424 
2424 
2424 
2424 
2424 
2424 
2424 
2424 
2424 
2424 
2424 
2424 
2424 
2424 
2424 
2424 
11635 
11635 
11635 
11635 
11635 
11635 
11635 
11635 
11635 
11635 
11635 
11635 
11635 
11635 
11635 
11635 
14112 
14112 
14112 
14112 
14112 
14112 
14112 
14112 
14112 
14112 
14112 
14112 
14112 
14112 
14112 
14112 
29008 
29008 
29008 
29008 
29008 
29008 
29008 
29008 
29008 
29008 
29008 
29008 
29008 
29008 
29008 
29008 
23471 
23471 
23471 
23471 
23471 
23471 
23471 
23471 
23471 
23471 
23471 
23471 
23471 
23471 
23471 
23471 
25506 
25506 
25506 
25506 
25506 
25506 
25506 
25506 
25506 
25506 
25506 
25506 
25506 
25506 
25506 
25506 
30018 
30018 
30018 
30018 
30018 
30018 
30018 
30018 
30018 
30018 
30018 
30018 
30018 
30018 
30018 
30018 
11535 
11535 
11535 
11535 
11535 
11535 
11535 
11535 
11535 
11535 
11535 
11535 
11535 
11535 
11535 
11535 
30792 
30792 
30792 
30792 
30792 
30792 
30792 
30792 
30792 
30792 
30792 
30792 
30792 
30792 
30792 
30792 
8470 
8470 
8470 
8470 
8470 
8470 
8470 
8470 
8470 
8470 
8470 
8470 
8470 
8470 
8470 
8470 
27876 
27876 
27876 
27876 
27876 
27876 
27876 
27876 
27876 
27876 
27876 
27876 
27876 
27876 
27876 
27876 
26265 
26265 
26265 
26265 
26265 
26265 
26265 
26265 
26265 
26265 
26265 
26265 
26265 
26265 
26265 
26265 
31636 
31636 
31636 
31636 
31636 
31636 
31636 
31636 
31636 
31636 
31636 
31636 
31636 
31636 
31636 
31636 
2457 
2457 
2457 
2457 
2457 
2457 
2457 
2457 
2457 
2457 
2457 
2457 
2457 
2457 
2457 
2457 
11537 
11537 
11537 
11537 
11537 
11537 
11537 
11537 
11537 
11537 
11537 
11537 
11537 
11537 
11537 
11537 
23106 
23106 
23106 
23106 
23106 
23106 
23106 
23106 
23106 
23106 
23106 
23106 
23106 
23106 
23106 
23106 
24950 
24950 
24950 
24950 
24950 
24950 
24950 
24950 
24950 
24950 
24950 
24950 
24950 
24950 
24950 
24950 
15655 
15655 
15655 
15655 
15655 
15655 
15655 
15655 
15655 
15655 
15655 
15655 
15655 
15655 
15655 
15655 
17059 
17059 
17059 
17059 
17059 
17059 
17059 
17059 
17059 
17059 
17059 
17059 
17059 
17059 
17059 
17059 
20686 
20686 
20686 
20686 
20686 
20686 
20686 
20686 
20686 
20686 
20686 
20686 
20686 
20686 
20686 
20686 
13796 
13796 
13796 
13796 
13796 
13796 
13796 
13796 
13796 
13796 
13796 
13796 
13796 
13796 
13796 
13796 
3183 
3183 
3183 
3183 
3183 
3183 
3183 
3183 
3183 
3183 
3183 
3183 
3183 
3183 
3183 
3183 
4302 
4302 
4302 
4302 
4302 
4302 
4302 
4302 
4302 
4302 
4302 
4302 
4302 
4302 
4302 
4302 
15353 
15353 
15353 
15353 
15353 
15353 
15353 
15353 
15353 
15353 
15353 
15353 
15353 
15353 
15353 
15353 
5482 
5482 
5482 
5482 
5482 
5482 
5482 
5482 
5482 
5482 
5482 
5482 
5482 
5482 
5482 
5482 
32086 
32086 
32086 
32086 
32086 
32086 
32086 
32086 
32086 
32086 
32086 
32086 
32086 
32086 
32086 
32086 
31126 
31126 
31126 
31126 
31126 
31126 
31126 
31126 
31126 
31126 
31126 
31126 
31126 
31126 
31126 
31126 
8944 
8944 
8944 
8944 
8944 
8944 
8944 
8944 
8944 
8944 
8944 
8944 
8944 
8944 
8944 
8944 
32167 
32167 
32167 
32167 
32167 
32167 
32167 
32167 
32167 
32167 
32167 
32167 
32167 
32167 
32167 
32167 
8052 
8052 
8052 
8052 
8052 
8052 
8052 
8052 
8052 
8052 
8052 
8052 
8052 
8052 
8052 
8052 
22099 
22099 
22099 
22099 
22099 
22099 
22099 
22099 
22099 
22099 
22099 
22099 
22099 
22099 
22099 
22099 
24278 
24278 
24278 
24278 
24278 
24278 
24278 
24278 
24278 
24278 
24278 
24278 
24278 
24278 
24278 
24278 
28111 
28111 
28111 
28111 
28111 
28111 
28111 
28111 
28111 
28111 
28111 
28111 
28111 
28111 
28111 
28111 
12437 
12437 
12437 
12437 
12437 
12437 
12437 
12437 
12437 
12437 
12437 
12437 
12437 
12437 
12437 
12437 
16436 
16436 
16436 
16436 
16436 
16436 
16436 
16436 
16436 
16436 
16436 
16436 
16436 
16436 
16436 
16436 
10048 
10048 
10048 
10048 
10048 
10048 
10048 
10048 
10048 
10048 
10048 
10048 
10048 
10048 
10048 
10048 
22311 
22311 
22311 
22311 
22311 
22311 
22311 
22311 
22311 
22311 
22311 
22311 
22311 
22311 
22311 
22311 
4409 
4409 
4409 
4409 
4409 
4409 
4409 
4409 
4409 
4409 
4409 
4409 
4409 
4409 
4409 
4409 
10425 
10425 
10425 
10425 
10425 
10425 
10425 
10425 
10425 
10425 
10425 
10425 
10425 
10425 
10425 
10425 
28345 
28345 
28345 
28345 
28345 
28345 
28345 
28345 
28345 
28345 
28345 
28345 
28345 
28345 
28345 
28345 
23948 
23948 
23948 
23948 
23948 
23948 
23948 
23948 
23948 
23948 
23948 
23948 
23948 
23948 
23948 
23948 
2324 
2324 
2324 
2324 
2324 
2324 
2324 
2324 
2324 
2324 
2324 
2324 
2324 
2324 
2324 
2324 
16952 
16952 
16952 
16952 
16952 
16952 
16952 
16952 
16952 
16952 
16952 
16952 
16952 
16952 
16952 
16952 
3902 
3902 
3902 
3902 
3902 
3902 
3902 
3902 
3902 
3902 
3902 
3902 
3902 
3902 
3902 
3902 
26604 
26604 
26604 
26604 
26604 
26604 
26604 
26604 
26604 
26604 
26604 
26604 
26604 
26604 
26604 
26604 
23438 
23438 
23438 
23438 
23438 
23438 
23438 
23438 
23438 
23438 
23438 
23438 
23438 
23438 
23438 
23438 
19236 
19236 
19236 
19236 
19236 
19236 
19236 
19236 
19236 
19236 
19236 
19236 
19236 
19236 
19236 
19236 
8841 
8841 
8841 
8841 
8841 
8841 
8841 
8841 
8841 
8841 
8841 
8841 
8841 
8841 
8841 
8841 
4126 
4126 
4126 
4126 
4126 
4126 
4126 
4126 
4126 
4126 
4126 
4126 
4126 
4126 
4126 
4126 
1023 
1023 
1023 
1023 
1023 
1023 
1023 
1023 
1023 
1023 
1023 
1023 
1023 
1023 
1023 
1023 
27308 
27308 
27308 
27308 
27308 
27308 
27308 
27308 
27308 
27308 
27308 
27308 
27308 
27308 
27308 
27308 
18216 
18216 
18216 
18216 
18216 
18216 
18216 
18216 
18216 
18216 
18216 
18216 
18216 
18216 
18216 
18216 
14813 
14813 
14813 
14813 
14813 
14813 
14813 
14813 
14813 
14813 
14813 
14813 
14813 
14813 
14813 
14813 
23605 
23605 
23605 
23605 
23605 
23605 
23605 
23605 
23605 
23605 
23605 
23605 
23605 
23605 
23605 
23605 
3316 
3316 
3316 
3316 
3316 
3316 
3316 
3316 
3316 
3316 
3316 
3316 
3316 
3316 
3316 
3316 
24015 
24015 
24015 
24015 
24015 
24015 
24015 
24015 
24015 
24015 
24015 
24015 
24015 
24015 
24015 
24015 
677 
677 
677 
677 
677 
677 
677 
677 
677 
677 
677 
677 
677 
677 
677 
677 
19422 
19422 
19422 
19422 
19422 
19422 
19422 
19422 
19422 
19422 
19422 
19422 
19422 
19422 
19422 
19422 
3888 
3888 
3888 
3888 
3888 
3888 
3888 
3888 
3888 
3888 
3888 
3888 
3888 
3888 
3888 
3888 
21941 
21941 
21941 
21941 
21941 
21941 
21941 
21941 
21941 
21941 
21941 
21941 
21941 
21941 
21941 
21941 
18535 
18535 
18535 
18535 
18535 
18535 
18535 
18535 
18535 
18535 
18535 
18535 
18535 
18535 
18535 
18535 
30334 
30334 
30334 
30334 
30334 
30334 
30334 
30334 
30334 
30334 
30334 
30334 
30334 
30334 
30334 
30334 
3815 
3815 
3815 
3815 
3815 
3815 
3815 
3815 
3815 
3815 
3815 
3815 
3815 
3815 
3815 
3815 
32275 
32275 
32275 
32275 
32275 
32275 
32275 
32275 
32275 
32275 
32275 
32275 
32275 
32275 
32275 
32275 
26119 
26119 
26119 
26119 
26119 
26119 
26119 
26119 
26119 
26119 
26119 
26119 
26119 
26119 
26119 
26119 
12723 
12723 
12723 
12723 
12723 
12723 
12723 
12723 
12723 
12723 
12723 
12723 
12723 
12723 
12723 
12723 
6217 
6217 
6217 
6217 
6217 
6217 
6217 
6217 
6217 
6217 
6217 
6217 
6217 
6217 
6217 
6217 
19240 
19240 
19240 
19240 
19240 
19240 
19240 
19240 
19240 
19240 
19240 
19240 
19240 
19240 
19240 
19240 
29781 
29781 
29781 
29781 
29781 
29781 
29781 
29781 
29781 
29781 
29781 
29781 
29781 
29781 
29781 
29781 
4703 
4703 
4703 
4703 
4703 
4703 
4703 
4703 
4703 
4703 
4703 
4703 
4703 
4703 
4703 
4703 
3778 
3778 
3778 
3778 
3778 
3778 
3778 
3778 
3778 
3778 
3778 
3778 
3778 
3778 
3778 
3778 
27777 
27777 
27777 
27777 
27777 
27777 
27777 
27777 
27777 
27777 
27777 
27777 
27777 
27777 
27777 
27777 
5950 
5950 
5950 
5950 
5950 
5950 
5950 
5950 
5950 
5950 
5950 
5950 
5950 
5950 
5950 
5950 
21769 
21769 
21769 
21769 
21769 
21769 
21769 
21769 
21769 
21769 
21769 
21769 
21769 
21769 
21769 
21769 
975 
975 
975 
975 
975 
975 
975 
975 
975 
975 
975 
975 
975 
975 
975 
975 
6263 
6263 
6263 
6263 
6263 
6263 
6263 
6263 
6263 
6263 
6263 
6263 
6263 
6263 
6263 
6263 
11076 
11076 
11076 
11076 
11076 
11076 
11076 
11076 
11076 
11076 
11076 
11076 
11076 
11076 
11076 
11076 
9601 
9601 
9601 
9601 
9601 
9601 
9601 
9601 
9601 
9601 
9601 
9601 
9601 
9601 
9601 
9601 
28689 
28689 
28689 
28689 
28689 
28689 
28689 
28689 
28689 
28689 
28689 
28689 
28689 
28689 
28689 
28689 
12537 
12537 
12537 
12537 
12537 
12537 
12537 
12537 
12537 
12537 
12537 
12537 
12537 
12537 
12537 
12537 
26411 
26411 
26411 
26411 
26411 
26411 
26411 
26411 
26411 
26411 
26411 
26411 
26411 
26411 
26411 
26411 
2499 
2499 
2499 
2499 
2499 
2499 
2499 
2499 
2499 
2499 
2499 
2499 
2499 
2499 
2499 
2499 
672 
672 
672 
672 
672 
672 
672 
672 
672 
672 
672 
672 
672 
672 
672 
672 
9612 
9612 
9612 
9612 
9612 
9612 
9612 
9612 
9612 
9612 
9612 
9612 
9612 
9612 
9612 
9612 
17909 
17909 
17909 
17909 
17909 
17909 
17909 
17909 
17909 
17909 
17909 
17909 
17909 
17909 
17909 
17909 
29726 
29726 
29726 
29726 
29726 
29726 
29726 
29726 
29726 
29726 
29726 
29726 
29726 
29726 
29726 
29726 
31393 
31393 
31393 
31393 
31393 
31393 
31393 
31393 
31393 
31393 
31393 
31393 
31393 
31393 
31393 
31393 
13967 
13967 
13967 
13967 
13967 
13967 
13967 
13967 
13967 
13967 
13967 
13967 
13967 
13967 
13967 
13967 
19729 
19729 
19729 
19729 
19729 
19729 
19729 
19729 
19729 
19729 
19729 
19729 
19729 
19729 
19729 
19729 
16534 
16534 
16534 
16534 
16534 
16534 
16534 
16534 
16534 
16534 
16534 
16534 
16534 
16534 
16534 
16534 
16155 
16155 
16155 
16155 
16155 
16155 
16155 
16155 
16155 
16155 
16155 
16155 
16155 
16155 
16155 
16155 
32196 
32196 
32196 
32196 
32196 
32196 
32196 
32196 
32196 
32196 
32196 
32196 
32196 
32196 
32196 
32196 
720 
720 
720 
720 
720 
720 
720 
720 
720 
720 
720 
720 
720 
720 
720 
720 
8582 
8582 
8582 
8582 
8582 
8582 
8582 
8582 
8582 
8582 
8582 
8582 
8582 
8582 
8582 
8582 
10502 
10502 
10502 
10502 
10502 
10502 
10502 
10502 
10502 
10502 
10502 
10502 
10502 
10502 
10502 
10502 
24588 
24588 
24588 
24588 
24588 
24588 
24588 
24588 
24588 
24588 
24588 
24588 
24588 
24588 
24588 
24588 
10520 
10520 
10520 
10520 
10520 
10520 
10520 
10520 
10520 
10520 
10520 
10520 
10520 
10520 
10520 
10520 
16266 
16266 
16266 
16266 
16266 
16266 
16266 
16266 
16266 
16266 
16266 
16266 
16266 
16266 
16266 
16266 
13221 
13221 
13221 
13221 
13221 
13221 
13221 
13221 
13221 
13221 
13221 
13221 
13221 
13221 
13221 
13221 
19570 
19570 
19570 
19570 
19570 
19570 
19570 
19570 
19570 
19570 
19570 
19570 
19570 
19570 
19570 
19570 
4188 
4188 
4188 
4188 
4188 
4188 
4188 
4188 
4188 
4188 
4188 
4188 
4188 
4188 
4188 
4188 
4251 
4251 
4251 
4251 
4251 
4251 
4251 
4251 
4251 
4251 
4251 
4251 
4251 
4251 
4251 
4251 
1814 
1814 
1814 
1814 
1814 
1814 
1814 
1814 
1814 
1814 
1814 
1814 
1814 
1814 
1814 
1814 
27755 
27755 
27755 
27755 
27755 
27755 
27755 
27755 
27755 
27755 
27755 
27755 
27755 
27755 
27755 
27755 
5835 
5835 
5835 
5835 
5835 
5835 
5835 
5835 
5835 
5835 
5835 
5835 
5835 
5835 
5835 
5835 
10876 
10876 
10876 
10876 
10876 
10876 
10876 
10876 
10876 
10876 
10876 
10876 
10876 
10876 
10876 
10876 
4392 
4392 
4392 
4392 
4392 
4392 
4392 
4392 
4392 
4392 
4392 
4392 
4392 
4392 
4392 
4392 
10588 
10588 
10588 
10588 
10588 
10588 
10588 
10588 
10588 
10588 
10588 
10588 
10588 
10588 
10588 
10588 
10184 
10184 
10184 
10184 
10184 
10184 
10184 
10184 
10184 
10184 
10184 
10184 
10184 
10184 
10184 
10184 
5206 
5206 
5206 
5206 
5206 
5206 
5206 
5206 
5206 
5206 
5206 
5206 
5206 
5206 
5206 
5206 
8300 
8300 
8300 
8300 
8300 
8300 
8300 
8300 
8300 
8300 
8300 
8300 
8300 
8300 
8300 
8300 
11101 
11101 
11101 
11101 
11101 
11101 
11101 
11101 
11101 
11101 
11101 
11101 
11101 
11101 
11101 
11101 
20379 
20379 
20379 
20379 
20379 
20379 
20379 
20379 
20379 
20379 
20379 
20379 
20379 
20379 
20379 
20379 
23455 
23455 
23455 
23455 
23455 
23455 
23455 
23455 
23455 
23455 
23455 
23455 
23455 
23455 
23455 
23455 
13711 
13711 
13711 
13711 
13711 
13711 
13711 
13711 
13711 
13711 
13711 
13711 
13711 
13711 
13711 
13711 
13629 
13629 
13629 
13629 
13629 
13629 
13629 
13629 
13629 
13629 
13629 
13629 
13629 
13629 
13629 
13629 
14182 
14182 
14182 
14182 
14182 
14182 
14182 
14182 
14182 
14182 
14182 
14182 
14182 
14182 
14182 
14182 
28735 
28735 
28735 
28735 
28735 
28735 
28735 
28735 
28735 
28735 
28735 
28735 
28735 
28735 
28735 
28735 
32486 
32486 
32486 
32486 
32486 
32486 
32486 
32486 
32486 
32486 
32486 
32486 
32486 
32486 
32486 
32486 
454 
454 
454 
454 
454 
454 
454 
454 
454 
454 
454 
454 
454 
454 
454 
454 
7514 
7514 
7514 
7514 
7514 
7514 
7514 
7514 
7514 
7514 
7514 
7514 
7514 
7514 
7514 
7514 
3062 
3062 
3062 
3062 
3062 
3062 
3062 
3062 
3062 
3062 
3062 
3062 
3062 
3062 
3062 
3062 
12875 
12875 
12875 
12875 
12875 
12875 
12875 
12875 
12875 
12875 
12875 
12875 
12875 
12875 
12875 
12875 
1602 
1602 
1602 
1602 
1602 
1602 
1602 
1602 
1602 
1602 
1602 
1602 
1602 
1602 
1602 
1602 
7466 
7466 
7466 
7466 
7466 
7466 
7466 
7466 
7466 
7466 
7466 
7466 
7466 
7466 
7466 
7466 
10488 
10488 
10488 
10488 
10488 
10488 
10488 
10488 
10488 
10488 
10488 
10488 
10488 
10488 
10488 
10488 
14632 
14632 
14632 
14632 
14632 
14632 
14632 
14632 
14632 
14632 
14632 
14632 
14632 
14632 
14632 
14632 
15934 
15934 
15934 
15934 
15934 
15934 
15934 
15934 
15934 
15934 
15934 
15934 
15934 
15934 
15934 
15934 
23744 
23744 
23744 
23744 
23744 
23744 
23744 
23744 
23744 
23744 
23744 
23744 
23744 
23744 
23744 
23744 
19419 
19419 
19419 
19419 
19419 
19419 
19419 
19419 
19419 
19419 
19419 
19419 
19419 
19419 
19419 
19419 
25297 
25297 
25297 
25297 
25297 
25297 
25297 
25297 
25297 
25297 
25297 
25297 
25297 
25297 
25297 
25297 
25741 
25741 
25741 
25741 
25741 
25741 
25741 
25741 
25741 
25741 
25741 
25741 
25741 
25741 
25741 
25741 
28976 
28976 
28976 
28976 
28976 
28976 
28976 
28976 
28976 
28976 
28976 
28976 
28976 
28976 
28976 
28976 
9395 
9395 
9395 
9395 
9395 
9395 
9395 
9395 
9395 
9395 
9395 
9395 
9395 
9395 
9395 
9395 
4375 
4375 
4375 
4375 
4375 
4375 
4375 
4375 
4375 
4375 
4375 
4375 
4375 
4375 
4375 
4375 
15760 
15760 
15760 
15760 
15760 
15760 
15760 
15760 
15760 
15760 
15760 
15760 
15760 
15760 
15760 
15760 
4074 
4074 
4074 
4074 
4074 
4074 
4074 
4074 
4074 
4074 
4074 
4074 
4074 
4074 
4074 
4074 
19324 
19324 
19324 
19324 
19324 
19324 
19324 
19324 
19324 
19324 
19324 
19324 
19324 
19324 
19324 
19324 
4890 
4890 
4890 
4890 
4890 
4890 
4890 
4890 
4890 
4890 
4890 
4890 
4890 
4890 
4890 
4890 
22197 
22197 
22197 
22197 
22197 
22197 
22197 
22197 
22197 
22197 
22197 
22197 
22197 
22197 
22197 
22197 
24627 
24627 
24627 
24627 
24627 
24627 
24627 
24627 
24627 
24627 
24627 
24627 
24627 
24627 
24627 
24627 
7096 
7096 
7096 
7096 
7096 
7096 
7096 
7096 
7096 
7096 
7096 
7096 
7096 
7096 
7096 
7096 
8798 
8798 
8798 
8798 
8798 
8798 
8798 
8798 
8798 
8798 
8798 
8798 
8798 
8798 
8798 
8798 
24382 
24382 
24382 
24382 
24382 
24382 
24382 
24382 
24382 
24382 
24382 
24382 
24382 
24382 
24382 
24382 
214 
214 
214 
214 
214 
214 
214 
214 
214 
214 
214 
214 
214 
214 
214 
214 
29528 
29528 
29528 
29528 
29528 
29528 
29528 
29528 
29528 
29528 
29528 
29528 
29528 
29528 
29528 
29528 
13857 
13857 
13857 
13857 
13857 
13857 
13857 
13857 
13857 
13857 
13857 
13857 
13857 
13857 
13857 
13857 
32324 
32324 
32324 
32324 
32324 
32324 
32324 
32324 
32324 
32324 
32324 
32324 
32324 
32324 
32324 
32324 
5654 
5654 
5654 
5654 
5654 
5654 
5654 
5654 
5654 
5654 
5654 
5654 
5654 
5654 
5654 
5654 
22752 
22752 
22752 
22752 
22752 
22752 
22752 
22752 
22752 
22752 
22752 
22752 
22752 
22752 
22752 
22752 
8428 
8428 
8428 
8428 
8428 
8428 
8428 
8428 
8428 
8428 
8428 
8428 
8428 
8428 
8428 
8428 
18939 
18939 
18939 
18939 
18939 
18939 
18939 
18939 
18939 
18939 
18939 
18939 
18939 
18939 
18939 
18939 
29672 
29672 
29672 
29672 
29672 
29672 
29672 
29672 
29672 
29672 
29672 
29672 
29672 
29672 
29672 
29672 
19655 
19655 
19655 
19655 
19655 
19655 
19655 
19655 
19655 
19655 
19655 
19655 
19655 
19655 
19655 
19655 
11369 
11369 
11369 
11369 
11369 
11369 
11369 
11369 
11369 
11369 
11369 
11369 
11369 
11369 
11369 
11369 
17463 
17463 
17463 
17463 
17463 
17463 
17463 
17463 
17463 
17463 
17463 
17463 
17463 
17463 
17463 
17463 
14431 
14431 
14431 
14431 
14431 
14431 
14431 
14431 
14431 
14431 
14431 
14431 
14431 
14431 
14431 
14431 
18972 
18972 
18972 
18972 
18972 
18972 
18972 
18972 
18972 
18972 
18972 
18972 
18972 
18972 
18972 
18972 
10100 
10100 
10100 
10100 
10100 
10100 
10100 
10100 
10100 
10100 
10100 
10100 
10100 
10100 
10100 
10100 
47 
47 
47 
47 
47 
47 
47 
47 
47 
47 
47 
47 
47 
47 
47 
47 
27240 
27240 
27240 
27240 
27240 
27240 
27240 
27240 
27240 
27240 
27240 
27240 
27240 
27240 
27240 
27240 
